120	120
14400
1	1	1
2	1	0.262031963621152
3	1	0.112546848500745
4	1	0.399718926646726
5	1	-0.11819532620345
6	1	0.137302365838166
7	1	0.131685422308811
8	1	-0.321811355688104
9	1	-0.212942642313957
10	1	0.46168688226675
11	1	-0.295230321774281
12	1	0.112594397903591
13	1	-0.340177907393947
14	1	0.0303696760828106
15	1	0.371694331996219
16	1	0.369155666684795
17	1	-0.179046322293715
18	1	-0.194583916872691
19	1	0.0707837811995755
20	1	0.0327512249171084
21	1	0.185957153914151
22	1	0.0884805577719849
23	1	-0.0329590999462275
24	1	0.202902249076444
25	1	0.291260529576372
26	1	0.377667558249415
27	1	-0.206666197799974
28	1	0.0355735451349554
29	1	-0.31441068904415
30	1	0.375774499962871
31	1	0.46251623275784
32	1	-0.27607357519692
33	1	0.508623962822623
34	1	0.26504182216495
35	1	-0.221031429724543
36	1	0.224082366334017
37	1	-0.114721136867333
38	1	0.470826078732208
39	1	0.0816051262270276
40	1	-0.0977914391803324
41	1	-0.333798507309438
42	1	0.385047187164675
43	1	0.570282171349752
44	1	0.495342810181347
45	1	0.13974417548268
46	1	0.0964367044894244
47	1	-0.120104935189592
48	1	-0.224961354517089
49	1	0.0412941582700889
50	1	-0.12733592841129
51	1	0.069050654924491
52	1	0.263812937021342
53	1	0.330958762982764
54	1	0.293073518920743
55	1	-0.296655477750659
56	1	-0.0229473873262282
57	1	-0.120182802545416
58	1	0.0146502208501216
59	1	-0.382750697221178
60	1	-0.313964780583624
61	1	-0.0639325959209506
62	1	0.191534569186915
63	1	-0.0280993531451734
64	1	-0.148614500140806
65	1	-0.151632371312424
66	1	-0.184857875329561
67	1	0.410410565917744
68	1	0.0370642343811526
69	1	-0.26306490888473
70	1	-0.155703843660968
71	1	0.156842410128835
72	1	-0.295087839259164
73	1	-0.0670258266349579
74	1	-0.370407453256112
75	1	-0.0844109407297753
76	1	0.259193082669083
77	1	0.0261611066855904
78	1	0.444597172934497
79	1	0.378491771680818
80	1	-0.0420897351596365
81	1	-0.161084404310634
82	1	0.291860974448472
83	1	0.32101252201759
84	1	0.244881753949823
85	1	0.486804068083394
86	1	-0.207528716004907
87	1	0.491804971767105
88	1	0.254733530842271
89	1	0.193475539919147
90	1	-0.13907789927465
91	1	-0.11063248957682
92	1	0.429546238765189
93	1	-0.186710280718382
94	1	0.00934366899492979
95	1	0.000256588351734055
96	1	0.184014208189365
97	1	-0.228085692317627
98	1	0.191082770939673
99	1	-0.115661430736223
100	1	0.0707920995267444
101	1	0.318175093852964
102	1	0.0218811144896503
103	1	0.302549696402253
104	1	-0.101541541524777
105	1	-0.356639543265348
106	1	0.401591694590366
107	1	-0.0232822557242402
108	1	0.10002755920866
109	1	-0.222078696097645
110	1	-0.187803141486893
111	1	0.00455000765954655
112	1	0.0411894879600623
113	1	-0.010097860936685
114	1	-0.0637711451001277
115	1	0.0866603759213531
116	1	0.150424876178178
117	1	0.271397152026289
118	1	0.428878854259443
119	1	-0.15905033548307
120	1	-0.125191403970767
1	2	0.262031963621152
2	2	1
3	2	-0.0972302315438607
4	2	0.220568950104038
5	2	0.100647825453215
6	2	-0.0969472185773153
7	2	-0.0100220933707045
8	2	-0.0924923430053092
9	2	-0.207153658528774
10	2	-0.131854844398629
11	2	-0.00569298068927934
12	2	0.0218930389066907
13	2	0.0333213055082501
14	2	0.066242322599893
15	2	0.0312801950391625
16	2	-0.128359285296683
17	2	0.228141608318218
18	2	-0.0813921142093459
19	2	0.00275241710089527
20	2	-0.0736088143156733
21	2	0.163089113402236
22	2	-0.0596673356887754
23	2	0.111425163504911
24	2	-0.146316857761162
25	2	0.334872048645874
26	2	-0.0339976368670889
27	2	0.132295996951262
28	2	-0.0140283939680992
29	2	0.00529692864056393
30	2	0.384935057055443
31	2	0.00127482477714562
32	2	-0.01450750526943
33	2	0.0390447304155384
34	2	-0.0498196562638456
35	2	-0.0762504740880971
36	2	0.00923782544474326
37	2	0.162773871728936
38	2	0.126943205570103
39	2	0.419641016556082
40	2	0.0159954226882986
41	2	0.0918276918144117
42	2	-0.0732917067413655
43	2	0.331184412538314
44	2	0.153106377865586
45	2	0.190584383380337
46	2	-0.140788147916137
47	2	0.0464335518135801
48	2	0.0662222013855362
49	2	-0.167601734538541
50	2	0.082644640392181
51	2	0.0163798692765478
52	2	0.286671521097491
53	2	-0.0879702569795923
54	2	-0.114581239426665
55	2	-0.121957075321904
56	2	0.135926807942286
57	2	-0.00282733004980978
58	2	-0.0115681651953956
59	2	-0.0200956370831696
60	2	-0.298213090591794
61	2	-0.187834654144505
62	2	-0.147011689142762
63	2	-0.0731186632503122
64	2	0.0550961433826525
65	2	-0.0483652016667361
66	2	-0.108700251198166
67	2	-0.0305626601793092
68	2	0.102543970492616
69	2	-0.110243172531298
70	2	-0.0982849100399095
71	2	-0.000182511254139871
72	2	0.22198366717602
73	2	0.166812774878409
74	2	0.189859468749643
75	2	-0.0668442099337286
76	2	-0.0243143705561911
77	2	0.0403923759841589
78	2	0.0167583981396268
79	2	0.339628229989048
80	2	0.231226258484331
81	2	-0.0361692327790845
82	2	-0.0257421911737916
83	2	0.0716690804148822
84	2	0.0655204743447755
85	2	0.102787192376479
86	2	-0.0573616269836932
87	2	0.0210046422971705
88	2	0.0224342060913391
89	2	0.0544546701872906
90	2	0.0426021599614273
91	2	0.111640342924051
92	2	0.461849960536287
93	2	-0.115939904288902
94	2	-0.118094418553585
95	2	0.0928736798369365
96	2	0.00641292946368084
97	2	-0.206437322550995
98	2	0.0442667048623857
99	2	0.099544140133282
100	2	-0.0139813886929029
101	2	-0.174809167260051
102	2	0.302089069129407
103	2	-0.10787494405894
104	2	-0.141634602806057
105	2	-0.201751676542742
106	2	0.0253477176764849
107	2	-0.0662454309456172
108	2	-0.0591141639057276
109	2	0.0673792820485554
110	2	0.150299270639087
111	2	-0.0164253388148419
112	2	0.122497425221153
113	2	0.091020426580077
114	2	-0.0211980292115284
115	2	-0.129793091957989
116	2	-0.00847220320398222
117	2	-0.0203534126585259
118	2	0.210295534424989
119	2	0.0251051614273986
120	2	0.113967210123241
1	3	0.112546848500745
2	3	-0.0972302315438607
3	3	1
4	3	0.091256264713435
5	3	0.196010284377849
6	3	-0.100967793453015
7	3	-0.0998468484019922
8	3	-0.00215593512873301
9	3	0.00388570599604895
10	3	0.23498959442654
11	3	-0.0694324940262984
12	3	-0.107642524246591
13	3	0.197149276022117
14	3	-0.0267602529849668
15	3	0.30124258856333
16	3	0.122277817377563
17	3	0.0397970500798497
18	3	0.143717042051087
19	3	-0.186645222427219
20	3	0.188984084860618
21	3	-0.0289147892381443
22	3	0.0695446229410925
23	3	-0.00648225575216335
24	3	0.349235105201719
25	3	-0.220412944562963
26	3	0.348951629791108
27	3	-0.164392277031986
28	3	-0.0863095315897515
29	3	-0.0784835600273954
30	3	0.0519565684108322
31	3	0.110346510780664
32	3	-0.0914573315945882
33	3	0.262182124319997
34	3	-0.171771176542319
35	3	0.0981053262138397
36	3	0.0335856759978375
37	3	-0.232179142338972
38	3	0.153549205071375
39	3	-0.234760522157502
40	3	0.113643612310031
41	3	-0.266187400554209
42	3	-0.064593951331992
43	3	-0.0243909859121712
44	3	0.0346806929622364
45	3	-0.317460103159143
46	3	0.165659716548813
47	3	0.087800563496374
48	3	-0.0737248875855967
49	3	0.235641618786987
50	3	0.0129198701691857
51	3	0.163605613278829
52	3	0.0211414809544754
53	3	0.1824066632434
54	3	0.0612913484801111
55	3	0.207014657461071
56	3	-0.133480214651035
57	3	0.0184588858508863
58	3	-0.0665875958905953
59	3	0.13642378911409
60	3	-0.0682722124613869
61	3	-0.0534630747435037
62	3	0.552999945959543
63	3	0.0406318480237151
64	3	0.00016087782830426
65	3	0.0213726143870491
66	3	-0.106842148712455
67	3	0.0650601293058981
68	3	-0.25873765588489
69	3	0.104924374784245
70	3	-0.200793196272831
71	3	0.199878591012917
72	3	-0.129172659283529
73	3	-0.229489662577027
74	3	-0.281458576963031
75	3	-0.209351576858355
76	3	0.0401196918937142
77	3	-0.080625293594029
78	3	0.171612076107371
79	3	-0.0866979691200738
80	3	-0.405068652451094
81	3	-0.118384322096523
82	3	0.106263889134853
83	3	0.308845622298156
84	3	0.22148225283341
85	3	-0.109219850843166
86	3	-0.00485990173120128
87	3	-0.0927380776363646
88	3	-0.185777145522839
89	3	0.161613607662504
90	3	0.0301075041340161
91	3	-0.120120149584246
92	3	-0.210342716992463
93	3	0.321879661935005
94	3	0.181286700629524
95	3	0.0563268876656212
96	3	0.235559722807464
97	3	0.112660160735862
98	3	-0.101598291290801
99	3	0.00820454962702467
100	3	-0.0558004301050625
101	3	0.248138783728318
102	3	-0.168282651763327
103	3	0.237016152378284
104	3	0.297573146714239
105	3	0.219122881054135
106	3	-0.0566277162186008
107	3	0.0362128753554702
108	3	-0.118317056636922
109	3	0.0470690460979262
110	3	-0.301252801992363
111	3	-0.0395063842435777
112	3	-0.293708231378887
113	3	0.258215615379301
114	3	0.0999574305199134
115	3	0.26044959780452
116	3	-0.21135900834566
117	3	-0.141782985107969
118	3	-0.128221113144403
119	3	-0.258317544654607
120	3	-0.17094876220789
1	4	0.399718926646726
2	4	0.220568950104038
3	4	0.091256264713435
4	4	1
5	4	0.327226660311155
6	4	0.0348856259700547
7	4	-0.298222616168711
8	4	-0.288614076864174
9	4	-0.0832380027472675
10	4	0.376308805965983
11	4	-0.559458256676133
12	4	0.123193944541454
13	4	-0.168222381690749
14	4	0.0471437301585332
15	4	0.388948085299548
16	4	0.177607236302305
17	4	0.0721042485105145
18	4	-0.0248136034471542
19	4	-0.0570115099182805
20	4	0.372856784924697
21	4	-0.136844159647357
22	4	0.0426311479088483
23	4	0.374745687967981
24	4	0.0844252708975708
25	4	0.440651000892245
26	4	0.524626673108526
27	4	-0.308059825620805
28	4	-0.0666790592895695
29	4	-0.389159120917289
30	4	0.349461787700029
31	4	0.0840641634473766
32	4	-0.107594213586906
33	4	0.321836625844191
34	4	0.195839475504093
35	4	0.0211136552116249
36	4	0.131455648570691
37	4	0.141432696424839
38	4	0.234417620065198
39	4	0.00346460153214378
40	4	-0.00714583247280907
41	4	-0.333209272184465
42	4	0.0920773178245416
43	4	0.402793407828889
44	4	0.298987763759225
45	4	0.108073585663328
46	4	0.40822068146329
47	4	-0.243082487948313
48	4	-0.343066888241366
49	4	0.347087152023096
50	4	0.30807053636326
51	4	0.404267254996146
52	4	0.563910249185768
53	4	-0.0494166528592596
54	4	0.232790845776487
55	4	0.209764266261088
56	4	0.160796784199255
57	4	0.159700630727684
58	4	-0.407179048591306
59	4	-0.438969621095829
60	4	-0.504073782125871
61	4	0.203193448450689
62	4	0.179087331513721
63	4	0.297172456500668
64	4	-0.305223950226374
65	4	-0.256345517018255
66	4	0.0867262040861092
67	4	0.0356086080609463
68	4	0.189760661907743
69	4	-0.282057160408931
70	4	-0.267097867591838
71	4	0.36656831096794
72	4	0.182147972431749
73	4	0.114947507559447
74	4	0.087988711065477
75	4	-0.167022279062734
76	4	0.599566387287385
77	4	-0.0471531254857272
78	4	0.11083429492476
79	4	0.190261342280253
80	4	-0.0116077639132007
81	4	-0.186531862552649
82	4	0.293309464601052
83	4	0.491303640598356
84	4	0.493249039690986
85	4	0.363408484280129
86	4	-0.106373478060126
87	4	0.17922653771005
88	4	0.1400229637248
89	4	0.428298927409196
90	4	0.044252145377812
91	4	0.310490793867489
92	4	-0.00425645539730854
93	4	0.0574225239183541
94	4	-0.148127042576172
95	4	0.321676523430431
96	4	0.257363373386083
97	4	-0.102598643020585
98	4	0.0965068285569058
99	4	0.227907486163669
100	4	-0.0141228702745347
101	4	0.0462442855551255
102	4	0.38641946996899
103	4	-0.00857272803002111
104	4	0.154249886251734
105	4	-0.515372406399853
106	4	0.519660791226652
107	4	-0.0984486367313944
108	4	0.0901053236590381
109	4	0.297629546666261
110	4	0.21433380419718
111	4	0.301943659223889
112	4	0.256793505705194
113	4	0.325874523363013
114	4	-0.042399955056006
115	4	0.0583880966796567
116	4	-0.0634631240479321
117	4	-0.146782847693604
118	4	-0.0292089678232276
119	4	0.0466159574797843
120	4	-0.312179728678578
1	5	-0.11819532620345
2	5	0.100647825453215
3	5	0.196010284377849
4	5	0.327226660311155
5	5	1
6	5	-0.0548722573977384
7	5	-0.375238658315875
8	5	-0.180663369482132
9	5	0.00337106868208617
10	5	-0.0987278335309803
11	5	-0.267831432216053
12	5	-0.00682236423852573
13	5	0.055769274723791
14	5	0.15203615194306
15	5	0.142695366315535
16	5	-0.293159975253604
17	5	0.408471297037416
18	5	0.159514522571214
19	5	-0.0621009547830697
20	5	0.298029947763778
21	5	-0.15723235202594
22	5	-0.0729578006756359
23	5	0.299743986428531
24	5	-0.0668528112432462
25	5	0.0570299188683031
26	5	0.243700857086683
27	5	-0.350723125893755
28	5	-0.0679806186254201
29	5	0.160909622249426
30	5	0.158738135116038
31	5	-0.2414756489213
32	5	-0.201308483005679
33	5	0.0793216919996342
34	5	-0.17269475962862
35	5	0.386913179348115
36	5	-0.0423237256020997
37	5	0.307170858917579
38	5	-0.0315766663909905
39	5	-0.0160979903729843
40	5	0.264892757286345
41	5	-0.0593551518501438
42	5	-0.303119356656135
43	5	0.00826075457644097
44	5	-0.0551670463770421
45	5	-0.0347512326506581
46	5	0.275992759875052
47	5	0.150186082411192
48	5	-0.0231721347778099
49	5	0.185220146592238
50	5	0.352385058300901
51	5	0.321855728870304
52	5	0.374117392223163
53	5	-0.185359107481352
54	5	-0.207677675581788
55	5	0.418876202928848
56	5	0.278821495390614
57	5	0.418023954780612
58	5	-0.453690830973092
59	5	-0.0254541846726926
60	5	-0.25361663071466
61	5	0.143866556230209
62	5	0.0499158966384817
63	5	0.400731267046252
64	5	-0.101924597212527
65	5	-0.261517363837157
66	5	-0.0166168376074267
67	5	-0.132159515900651
68	5	-0.00842272660037017
69	5	-0.157020992741306
70	5	-0.238009815150382
71	5	0.285271215885899
72	5	0.382696823701476
73	5	-0.0176800699340894
74	5	0.189091849670862
75	5	-0.174493991934101
76	5	0.168789012649511
77	5	-0.0314073016003041
78	5	-0.235877116494376
79	5	-0.07396192312522
80	5	-0.158658290291877
81	5	-0.194212702163637
82	5	-0.149845758431895
83	5	0.309659974064095
84	5	0.394924644413448
85	5	-0.143233425885661
86	5	-0.206746708513368
87	5	-0.395352801502632
88	5	-0.125337125043505
89	5	0.427872154222991
90	5	-0.101589466577297
91	5	0.218787077887599
92	5	-0.182936129546456
93	5	0.331082286265952
94	5	-0.0107681285693448
95	5	0.454586413929622
96	5	0.0994535554081596
97	5	-0.0234952396398948
98	5	-0.11654453283715
99	5	0.472581917465055
100	5	-0.0646555631233302
101	5	0.00393429605233534
102	5	0.234403680790415
103	5	-0.213662494232757
104	5	0.146610141657814
105	5	-0.15153232512034
106	5	-0.0700915258253009
107	5	0.0126656715596258
108	5	-0.0666611144990661
109	5	0.443442930492001
110	5	-0.0725023906707843
111	5	0.306062804459515
112	5	0.0692377134366415
113	5	0.473988833794956
114	5	0.143463982988368
115	5	0.15637889631065
116	5	-0.18248736270856
117	5	-0.482465083681526
118	5	-0.358350612383346
119	5	-0.10599304153824
120	5	-0.0399576036818744
1	6	0.137302365838166
2	6	-0.0969472185773153
3	6	-0.100967793453015
4	6	0.0348856259700547
5	6	-0.0548722573977384
6	6	1
7	6	-0.263687715221769
8	6	-0.165275568426284
9	6	0.0596130648553307
10	6	0.26963030749547
11	6	-0.146051918139804
12	6	0.0957308774621253
13	6	-0.344069531520903
14	6	-0.0801879033321781
15	6	-0.051384287582296
16	6	0.215893195397874
17	6	-0.180598037127981
18	6	0.0501141347941019
19	6	0.233877743237829
20	6	0.0119675402814322
21	6	-0.0715112871194315
22	6	0.100181870260309
23	6	0.0342699497714667
24	6	0.0685562280750062
25	6	0.0891408954335838
26	6	0.123498446790609
27	6	-0.100819647287811
28	6	0.199460552200874
29	6	-0.154985638045571
30	6	-0.185914086737964
31	6	0.128208728468854
32	6	-0.0611722758680086
33	6	-0.0654509247358789
34	6	0.497159199230009
35	6	-0.0620549949140229
36	6	0.208827146535802
37	6	-0.0709053249838926
38	6	0.0292279375331719
39	6	0.0110380724908804
40	6	-0.107556479960456
41	6	-0.066209105935469
42	6	0.13184086187716
43	6	0.101814608241915
44	6	0.230359616147641
45	6	0.202252697376386
46	6	-0.0599798993066447
47	6	-0.145870166572159
48	6	-0.166950129991735
49	6	0.0923492493657054
50	6	0.0967591511360016
51	6	-0.0669537069622884
52	6	0.0113190188726922
53	6	0.406153856294853
54	6	0.118823509396687
55	6	-0.0420532519537672
56	6	0.0551475423122506
57	6	-0.0842527281713568
58	6	-0.10016566868426
59	6	-0.202943561534871
60	6	0.0906657326935376
61	6	-0.0236503981557754
62	6	-0.0828404351790173
63	6	-0.0277605277953714
64	6	-0.249444015454539
65	6	-0.0613061194659584
66	6	0.0206079537846801
67	6	0.285637047568018
68	6	0.199210753753146
69	6	-0.226339890888963
70	6	0.0411715037202102
71	6	0.097642038962403
72	6	-0.233457400359547
73	6	-0.0550211947485747
74	6	-0.178316880654579
75	6	0.02640185326973
76	6	0.145523441395643
77	6	-0.0812502412922965
78	6	0.00552130746598382
79	6	0.275143799818815
80	6	-0.0160991658673183
81	6	-0.0522892512901101
82	6	0.0305241186541842
83	6	0.0237026441960324
84	6	0.0371051859764264
85	6	0.338046714335099
86	6	-0.182534970885353
87	6	0.0838593307337899
88	6	0.412703286028372
89	6	-0.00165077698615712
90	6	-0.0687410345738311
91	6	0.00527814112829234
92	6	0.0927467030773782
93	6	-0.0290015564081394
94	6	-0.0394402472386699
95	6	-0.0737483284931432
96	6	0.179955424178861
97	6	-0.0749369842367316
98	6	-0.11916171219079
99	6	-0.116390866835751
100	6	0.00146250706078004
101	6	-0.168587880186616
102	6	-0.00934542216344389
103	6	-0.218616073363291
104	6	-0.0964104817932762
105	6	-0.213222280657786
106	6	0.276645133620952
107	6	0.00656070656023429
108	6	0.520687912670433
109	6	-0.12265617809896
110	6	0.0503497325905379
111	6	-0.0212357721040082
112	6	0.106124491748704
113	6	-0.0950980241778782
114	6	-0.138580451455529
115	6	0.0323386147146541
116	6	0.40327252484125
117	6	0.14693749840621
118	6	-0.0636747485539625
119	6	0.0876723812690888
120	6	-0.178423431864977
1	7	0.131685422308811
2	7	-0.0100220933707045
3	7	-0.0998468484019922
4	7	-0.298222616168711
5	7	-0.375238658315875
6	7	-0.263687715221769
7	7	1
8	7	0.204677254349678
9	7	-0.0532228968998478
10	7	-0.18966120192069
11	7	0.359515619875577
12	7	-0.0102789005973223
13	7	0.132630806356027
14	7	0.0365546097136776
15	7	-0.161529755094889
16	7	-0.108801547911315
17	7	-0.0904238325161573
18	7	-0.214583508807826
19	7	0.066862892209066
20	7	-0.325975629442553
21	7	0.376104378654067
22	7	-0.181813225345422
23	7	-0.282048144507771
24	7	-0.0754438250841516
25	7	-0.104034812245273
26	7	-0.3535440255162
27	7	0.314437962050643
28	7	-0.0582626958568801
29	7	0.178685126364262
30	7	0.0442747923480888
31	7	0.0816971772672031
32	7	0.178724446555054
33	7	0.100878350277501
34	7	-0.144831405425318
35	7	-0.184799836043171
36	7	-0.125361122302501
37	7	-0.0150664914996632
38	7	0.0227567749666552
39	7	0.0640236284570098
40	7	0.0434277159928574
41	7	0.12036745076152
42	7	0.0703999903452776
43	7	0.0476336928618883
44	7	-0.00451812201260475
45	7	0.0412162050066
46	7	-0.304800629515566
47	7	0.050520536422008
48	7	0.189208238315673
49	7	-0.337660370355343
50	7	-0.37604186922074
51	7	-0.214828838047091
52	7	-0.210594555908104
53	7	-0.0333183591189954
54	7	-0.0636048664656407
55	7	-0.332185676753912
56	7	-0.183125785915005
57	7	-0.23127004731619
58	7	0.611368763867994
59	7	0.225543201653683
60	7	0.0701114696258743
61	7	-0.236862885281637
62	7	-0.0809486151287013
63	7	-0.300843412001758
64	7	0.343606627456736
65	7	0.27730735705663
66	7	-0.115857957363461
67	7	0.0895841989224112
68	7	-0.181436045315856
69	7	0.19653596803179
70	7	0.102217905311248
71	7	-0.327665873791877
72	7	-0.059924772893364
73	7	0.0456439580849286
74	7	0.00945461547809886
75	7	-0.00278558899617833
76	7	-0.324230846869308
77	7	0.200962989723446
78	7	0.173993207400527
79	7	-0.0776481983544139
80	7	0.117587297140642
81	7	0.130302432043738
82	7	-0.0309404906558212
83	7	-0.339740262247969
84	7	-0.262189725108255
85	7	-0.10285808369001
86	7	0.200280656848504
87	7	0.388343750255271
88	7	-0.108584871894131
89	7	-0.206271137272341
90	7	0.0230461887589546
91	7	-0.188800467839308
92	7	0.173162311460307
93	7	-0.259499884434505
94	7	0.104379139375797
95	7	-0.240990295326472
96	7	-0.286685308327432
97	7	-0.0122682973003135
98	7	0.210768966667781
99	7	-0.179283968034034
100	7	0.132634173841384
101	7	0.105578273115852
102	7	-0.165864480882721
103	7	0.276647781934169
104	7	-0.201189200186348
105	7	0.253697141892614
106	7	-0.198977195758277
107	7	-0.0485789146111739
108	7	-0.255817800973318
109	7	-0.23732253605632
110	7	-0.111525654828585
111	7	-0.252657944759281
112	7	-0.0530366000963092
113	7	-0.243832118675437
114	7	-0.0134745563589832
115	7	-0.114999090841617
116	7	-0.0609842612862312
117	7	0.243261908313946
118	7	0.442300303756475
119	7	-0.0877278473493714
120	7	0.247739067866582
1	8	-0.321811355688104
2	8	-0.0924923430053092
3	8	-0.00215593512873301
4	8	-0.288614076864174
5	8	-0.180663369482132
6	8	-0.165275568426284
7	8	0.204677254349678
8	8	1
9	8	0.102449799097089
10	8	-0.279893585327425
11	8	0.422737632148561
12	8	-0.137318332822666
13	8	0.256190719893037
14	8	0.0418169846937899
15	8	-0.205151598387288
16	8	-0.205423578302197
17	8	-0.0133033637936645
18	8	-0.122294896823349
19	8	-0.0717839667155622
20	8	-0.194108298432513
21	8	0.135756722236739
22	8	-0.0893357158974264
23	8	-0.151881515604106
24	8	-0.160167595940222
25	8	-0.130122139084229
26	8	-0.369738241276556
27	8	0.413123263602895
28	8	0.0192624606963204
29	8	0.241285897740664
30	8	-0.185285762559593
31	8	-0.186352023869508
32	8	0.267809278687926
33	8	-0.225390725272267
34	8	-0.257763972153136
35	8	0.027057470451743
36	8	-0.16193672596839
37	8	-0.11572270815226
38	8	-0.258440312545707
39	8	0.142198232135088
40	8	-0.00663977173052292
41	8	0.289920781531724
42	8	-0.159348887010056
43	8	-0.203910684932378
44	8	-0.218559261379169
45	8	-0.0456685907451225
46	8	-0.339257541336723
47	8	0.00920633547795274
48	8	0.218174045278409
49	8	-0.0954409483825965
50	8	-0.0823879885206429
51	8	-0.173904150377402
52	8	-0.325712812414813
53	8	-0.125158147748481
54	8	-0.21412854617706
55	8	-0.0151326575429435
56	8	-0.0913193500147715
57	8	-0.204617190282139
58	8	0.33787617997022
59	8	0.348803313928375
60	8	0.23898903858946
61	8	-0.255993224591718
62	8	-0.0704372239462108
63	8	-0.233908240942339
64	8	0.361983022659876
65	8	0.363910435213613
66	8	0.076982912801957
67	8	-0.15776562831954
68	8	-0.10268090952332
69	8	0.315660616053958
70	8	0.152319495065366
71	8	-0.327607488144572
72	8	0.110171018697018
73	8	0.175583487716919
74	8	0.239789460489632
75	8	0.0531002146803302
76	8	-0.207544919663596
77	8	0.180275774135081
78	8	-0.0926224606659595
79	8	-0.168473235947203
80	8	0.0966308440263083
81	8	0.157055156360292
82	8	-0.101923480794277
83	8	-0.354207535750088
84	8	-0.191518534503519
85	8	-0.345693177466727
86	8	0.421408764543521
87	8	-0.0883003086265383
88	8	-0.227976938920208
89	8	-0.265228374247156
90	8	0.291857083062171
91	8	-0.128870862020261
92	8	-0.0613862649014271
93	8	-0.0347337595268867
94	8	-0.0592305351158271
95	8	-0.1196567625521
96	8	-0.142406146565737
97	8	0.040334649928184
98	8	-0.0786907459743893
99	8	-0.026784013669337
100	8	0.0268353154146672
101	8	-0.119412841944298
102	8	-0.122683120340782
103	8	0.0574692920406033
104	8	-0.0596398107294525
105	8	0.460689150442662
106	8	-0.226129244516734
107	8	0.058288408210211
108	8	-0.180298782635206
109	8	0.0870493080296515
110	8	0.185042514623927
111	8	-0.276472211745516
112	8	0.0379330404875392
113	8	-0.146748252703553
114	8	0.000494047078629191
115	8	-0.133777152246495
116	8	-0.0963523719259288
117	8	0.168821588062047
118	8	-0.0717470360155165
119	8	0.0810390650463777
120	8	0.268136033205575
1	9	-0.212942642313957
2	9	-0.207153658528774
3	9	0.00388570599604895
4	9	-0.0832380027472675
5	9	0.00337106868208617
6	9	0.0596130648553307
7	9	-0.0532228968998478
8	9	0.102449799097089
9	9	1
10	9	-0.034218141055317
11	9	0.0297561380369496
12	9	-0.126946821859054
13	9	0.0104202862428014
14	9	-0.0497144213476901
15	9	-0.0238190645568069
16	9	0.17791609601067
17	9	-0.131204911025206
18	9	0.0114393493084614
19	9	-0.0501636346619004
20	9	0.101250970734202
21	9	-0.0156390084192577
22	9	0.0695692611686098
23	9	-0.120650252251325
24	9	0.0180551675846954
25	9	-0.179755218917988
26	9	0.0676070934371543
27	9	0.0538312449134489
28	9	-0.0798815402755801
29	9	-0.0314311177095117
30	9	-0.199158950990145
31	9	-0.001083504216774
32	9	0.156952177351146
33	9	0.0548087491063313
34	9	-0.122598140051803
35	9	0.125788155272298
36	9	0.11666992011688
37	9	-0.133295822945272
38	9	-0.182056485332795
39	9	-0.0678404279637888
40	9	-0.0991744982519254
41	9	-0.0586979861987946
42	9	-0.105175425543605
43	9	-0.18301580165748
44	9	-0.135713065634315
45	9	-0.0675589689428742
46	9	0.107774915392967
47	9	-0.048827534226711
48	9	0.00546978095692261
49	9	-0.01888858265783
50	9	0.150191005492557
51	9	-0.0433895893681445
52	9	-0.121914319019686
53	9	-0.0211260506219978
54	9	-0.025700612773164
55	9	0.0850801484442897
56	9	-0.173091563624842
57	9	-0.0322839683041599
58	9	-0.0510738434935569
59	9	0.179614130494953
60	9	0.193567158088905
61	9	0.0715114060880215
62	9	0.0613592256698825
63	9	-0.0300053045547743
64	9	-0.0130134370875376
65	9	-0.0499656577739437
66	9	0.196965772013328
67	9	0.0122051651482642
68	9	-0.101136969342027
69	9	0.0905291494148779
70	9	0.14980564363824
71	9	0.0607460673070973
72	9	0.00196327409282318
73	9	-0.197752459321343
74	9	-0.00721685389332529
75	9	0.0991336673837428
76	9	0.0119866987559784
77	9	-0.0523360246094244
78	9	-0.0759339784612888
79	9	-0.138395738083435
80	9	-0.236093413174533
81	9	-0.0254756876909791
82	9	0.00212430955800717
83	9	0.156290375424028
84	9	0.0109729650971728
85	9	-0.27652667469732
86	9	0.149646151602682
87	9	-0.191436108800213
88	9	-0.150386250126008
89	9	-0.171950573292233
90	9	0.269108845607062
91	9	-0.0483607180859537
92	9	-0.187247732652188
93	9	0.120094252524462
94	9	-0.0399335229909832
95	9	-0.130183673635422
96	9	0.035759659431823
97	9	0.170161599767233
98	9	-0.107519974157845
99	9	-0.0505151560526927
100	9	-0.039407748277982
101	9	0.0225522129699029
102	9	-0.255334976060054
103	9	-0.0265861706665345
104	9	0.137841634149234
105	9	0.229200616629606
106	9	-0.143040320928522
107	9	0.122867520684029
108	9	-0.0175541415224016
109	9	0.0476248117605187
110	9	0.094826234555603
111	9	-0.12010018684079
112	9	-0.182358850217307
113	9	-0.0245613006069317
114	9	0.213399228214351
115	9	0.0184473903341072
116	9	-0.105196464934901
117	9	-0.0493558686865903
118	9	-0.188586113034983
119	9	0.104384955719671
120	9	-0.120537493645735
1	10	0.46168688226675
2	10	-0.131854844398629
3	10	0.23498959442654
4	10	0.376308805965983
5	10	-0.0987278335309803
6	10	0.26963030749547
7	10	-0.18966120192069
8	10	-0.279893585327425
9	10	-0.034218141055317
10	10	1
11	10	-0.402107840754651
12	10	0.0525389918877557
13	10	-0.304005775486228
14	10	-0.170321060274849
15	10	0.389980248803133
16	10	0.626854635038458
17	10	-0.309811244786436
18	10	0.101068807778985
19	10	-0.068758500903139
20	10	0.28860457387647
21	10	-0.120894896999589
22	10	0.269000806410751
23	10	0.0239806953695665
24	10	0.40680180509076
25	10	0.0385582510797966
26	10	0.624714035751746
27	10	-0.3256956693007
28	10	0.0169337446584943
29	10	-0.575335462437786
30	10	-0.0419372361139015
31	10	0.423341388747816
32	10	-0.128674767515862
33	10	0.343750804440202
34	10	0.314070048886508
35	10	-0.176545826650708
36	10	0.311667637958901
37	10	-0.28654569109229
38	10	0.324793105232391
39	10	-0.28195098628493
40	10	-0.193909415925837
41	10	-0.473437563284183
42	10	0.341889985336722
43	10	0.202824878378409
44	10	0.290689901325911
45	10	-0.117372908243919
46	10	0.359735697588583
47	10	-0.191613112252144
48	10	-0.393168166097119
49	10	0.353256035908185
50	10	0.0591127059313819
51	10	0.160202668431676
52	10	0.168660537440542
53	10	0.374979509366393
54	10	0.41576047443932
55	10	-0.0611890117399149
56	10	-0.107675410889356
57	10	-0.0968044560393984
58	10	-0.190907106949001
59	10	-0.366314008349071
60	10	-0.0564346170572451
61	10	0.165493096692548
62	10	0.450885288393797
63	10	0.0548936051500838
64	10	-0.354107156037847
65	10	-0.140316642951416
66	10	-0.00843806932850115
67	10	0.26400834871682
68	10	0.0761784430844593
69	10	-0.1409665823407
70	10	-0.1987543245942
71	10	0.299721517711476
72	10	-0.447290859717916
73	10	-0.212127427936638
74	10	-0.528950010043235
75	10	-0.0661404587034312
76	10	0.454493251744198
77	10	-0.174973948825161
78	10	0.316948696331434
79	10	0.200902008175466
80	10	-0.332743259042496
81	10	-0.177967194624559
82	10	0.254903458587296
83	10	0.440202463698085
84	10	0.29765577473241
85	10	0.349222962515592
86	10	-0.0760743195938144
87	10	0.352702363782881
88	10	0.308817365938356
89	10	0.142691455644111
90	10	0.0124908423098572
91	10	-0.016346472938002
92	10	-0.0790519522807405
93	10	-0.0052710827523821
94	10	0.137609393107047
95	10	-0.0341649482427445
96	10	0.356864130813876
97	10	0.0218182139163033
98	10	0.02813453039335
99	10	-0.239029984821635
100	10	-0.0173716482126444
101	10	0.137057643827982
102	10	-0.0263874381164524
103	10	0.159391448868351
104	10	0.212057022435076
105	10	-0.210521185598008
106	10	0.398003154398226
107	10	-0.0531918318010176
108	10	0.266146333767937
109	10	-0.196792978143845
110	10	-0.18134685377517
111	10	0.11224832692564
112	10	-0.0611864313652397
113	10	-0.058291986019826
114	10	-0.00359543822884414
115	10	0.225886223464208
116	10	0.103828409632723
117	10	0.143281121431694
118	10	0.120217627524127
119	10	-0.0888146628302182
120	10	-0.41912351035645
1	11	-0.295230321774281
2	11	-0.00569298068927934
3	11	-0.0694324940262984
4	11	-0.559458256676133
5	11	-0.267831432216053
6	11	-0.146051918139804
7	11	0.359515619875577
8	11	0.422737632148561
9	11	0.0297561380369496
10	11	-0.402107840754651
11	11	1
12	11	-0.0693678084607871
13	11	0.23152415378718
14	11	0.0157636078333993
15	11	-0.386643546481351
16	11	-0.259823824876017
17	11	0.00550940718559147
18	11	-0.0632787045571237
19	11	0.0208834226837433
20	11	-0.449010709876297
21	11	0.296557884383034
22	11	-0.185479090271737
23	11	-0.288928784494692
24	11	-0.12966390819641
25	11	-0.246237318784492
26	11	-0.517330293672965
27	11	0.627791883166745
28	11	-0.0528300415337336
29	11	0.398700871387844
30	11	-0.154783299786103
31	11	-0.109210668581226
32	11	0.237181314541148
33	11	-0.281689163793271
34	11	-0.303734812967784
35	11	-0.031821552350666
36	11	-0.179545332703229
37	11	-0.161456166139734
38	11	-0.199903025821966
39	11	0.135592634915701
40	11	-0.00783710774309174
41	11	0.412642362820867
42	11	-0.111687725068763
43	11	-0.279045069556038
44	11	-0.274098593906719
45	11	-0.066627998777102
46	11	-0.499860213987331
47	11	0.207185431698915
48	11	0.345256156671316
49	11	-0.341137286198919
50	11	-0.293873999941365
51	11	-0.305331730929315
52	11	-0.392998052843835
53	11	-0.0698868600492504
54	11	-0.300481224148138
55	11	-0.15187257021014
56	11	-0.146171691674524
57	11	-0.199777631328501
58	11	0.514809441248042
59	11	0.511275528153192
60	11	0.364765767859064
61	11	-0.311710298186645
62	11	-0.174919319397355
63	11	-0.335384914529594
64	11	0.33923878667074
65	11	0.320931589831464
66	11	-0.164997400348431
67	11	-0.0695768558332791
68	11	-0.204188350084954
69	11	0.255313459409275
70	11	0.202188867475555
71	11	-0.419975336805132
72	11	0.0132268504167135
73	11	-0.0343254239507141
74	11	0.183471189392059
75	11	-0.00640752101054449
76	11	-0.575788416897303
77	11	0.149737073972286
78	11	-0.0848697345905443
79	11	-0.141070507558722
80	11	0.18276807068165
81	11	0.188875657969643
82	11	-0.167269330275763
83	11	-0.511417001101799
84	11	-0.441474356355355
85	11	-0.429532753668562
86	11	0.265730806419526
87	11	-0.121429236923278
88	11	-0.241325837424431
89	11	-0.411270540053257
90	11	0.127579789347692
91	11	-0.136680040470628
92	11	0.112233288104092
93	11	-0.216518833896563
94	11	0.0715478563818374
95	11	-0.237789394996462
96	11	-0.3135097564266
97	11	0.0229269760990173
98	11	-0.0219220000633472
99	11	-0.133178339850238
100	11	-0.0413784963101138
101	11	-0.029801820389956
102	11	-0.287107152342609
103	11	0.150685511082651
104	11	-0.135048082069293
105	11	0.567472629537183
106	11	-0.442910527567679
107	11	0.0422278315259684
108	11	-0.223103525264995
109	11	-0.151359824413223
110	11	0.0356880415902443
111	11	-0.370948145847383
112	11	-0.130754918448014
113	11	-0.336118360158549
114	11	0.0418940681357212
115	11	-0.115720714554736
116	11	-0.0464381331613099
117	11	0.235893241162831
118	11	0.0420586539173201
119	11	-0.0882792169633035
120	11	0.330370460632198
1	12	0.112594397903591
2	12	0.0218930389066907
3	12	-0.107642524246591
4	12	0.123193944541454
5	12	-0.00682236423852573
6	12	0.0957308774621253
7	12	-0.0102789005973223
8	12	-0.137318332822666
9	12	-0.126946821859054
10	12	0.0525389918877557
11	12	-0.0693678084607871
12	12	1
13	12	-0.190961991009757
14	12	-0.0437706373276935
15	12	-0.0329384323223949
16	12	-0.0776018238685622
17	12	-0.0405735165803857
18	12	-0.0194324837215768
19	12	0.228797234980866
20	12	0.0806486341667031
21	12	-0.185301065442989
22	12	-0.0140923876223176
23	12	0.0702609751876229
24	12	0.0275116216221878
25	12	0.128443999617651
26	12	0.00368125922173829
27	12	-0.0837519574461685
28	12	0.0484670518663481
29	12	-0.0354845087476573
30	12	0.0290090504091457
31	12	0.192804307812013
32	12	-0.108841913893981
33	12	-0.0190324493648996
34	12	0.146219386783428
35	12	-0.00292265738029302
36	12	-0.0425575121254708
37	12	0.164781450087232
38	12	0.212172177556337
39	12	-0.145292315620614
40	12	0.0808481865592187
41	12	-0.0810439228776634
42	12	0.398165268653865
43	12	-0.0474830405427303
44	12	0.145872482051359
45	12	0.0619161229612029
46	12	0.010358048491083
47	12	-0.0393686762605779
48	12	-0.0640422397492107
49	12	-0.0703121852294178
50	12	-0.0410334723552739
51	12	-0.0225432867990875
52	12	0.104965628322792
53	12	-0.00873618819881296
54	12	0.042772306387357
55	12	0.105547753829242
56	12	0.0682817422288845
57	12	0.0457057995485487
58	12	0.0476284603707805
59	12	-0.135318892907385
60	12	-0.107164461942289
61	12	-0.111453328861055
62	12	-0.0513001163806022
63	12	0.0471712432153344
64	12	-0.0598133556383221
65	12	-0.0440461192502165
66	12	-0.133846389827732
67	12	0.158765049597501
68	12	0.131336299644364
69	12	-0.161659065408561
70	12	-0.0961018058963242
71	12	0.0422438563985961
72	12	-0.0702033247655459
73	12	0.0892348097865097
74	12	-0.108629965763151
75	12	0.0334668582254449
76	12	0.0719167010537855
77	12	-0.0969592339283201
78	12	0.201710783465917
79	12	-0.0494059246934572
80	12	0.106228654173963
81	12	0.071564663375333
82	12	0.128469415338171
83	12	-0.0171144101730133
84	12	-0.0131684477134276
85	12	0.239552917082337
86	12	-0.0983882626176539
87	12	0.289512711432443
88	12	0.0295987105607241
89	12	0.142609976262177
90	12	-0.190630796590411
91	12	0.123381059225482
92	12	-0.0267206063695649
93	12	-0.0730224152710546
94	12	0.0381152774628619
95	12	0.0565816160154206
96	12	-0.112341051075215
97	12	-0.0996218742975422
98	12	0.0878608229399246
99	12	0.120617588074085
100	12	0.0742740814850651
101	12	-0.0645073188621534
102	12	0.0989425945866647
103	12	0.0512690873367668
104	12	-0.0555536414822888
105	12	-0.229476048047564
106	12	0.155122455590375
107	12	0.0220964880550059
108	12	0.127689379115834
109	12	0.0962943140111728
110	12	-0.0195175634088217
111	12	0.0369603200861155
112	12	0.153877819721268
113	12	-0.0109279717695772
114	12	-0.0759263757148695
115	12	-0.0540730988365856
116	12	0.15112365099766
117	12	0.139463312856423
118	12	0.137343563206897
119	12	-0.0386155465180946
120	12	0.0735025154948279
1	13	-0.340177907393947
2	13	0.0333213055082501
3	13	0.197149276022117
4	13	-0.168222381690749
5	13	0.055769274723791
6	13	-0.344069531520903
7	13	0.132630806356027
8	13	0.256190719893037
9	13	0.0104202862428014
10	13	-0.304005775486228
11	13	0.23152415378718
12	13	-0.190961991009757
13	13	1
14	13	0.00504385999815354
15	13	-0.0382799425993537
16	13	-0.204141202468428
17	13	0.266448392750249
18	13	0.0451226453102243
19	13	-0.227248891508698
20	13	-0.0979588488769265
21	13	0.131150888472593
22	13	-0.105519809863322
23	13	-0.0124215361109819
24	13	-0.00198819540040187
25	13	-0.270930863245072
26	13	-0.203576974169116
27	13	0.185538030130803
28	13	-0.10728639182894
29	13	0.150825844132873
30	13	-0.00400961821712899
31	13	-0.244555667261583
32	13	0.190089353596295
33	13	-0.110100628347071
34	13	-0.385319756297259
35	13	0.0764016267635917
36	13	-0.234613761634269
37	13	-0.0740454736840283
38	13	-0.225383466630281
39	13	0.0450741975306893
40	13	0.171140314816867
41	13	0.139211047232885
42	13	-0.309900018963956
43	13	-0.166642491530599
44	13	-0.26006441166877
45	13	-0.116888528071811
46	13	-0.128602729175064
47	13	0.131688219338662
48	13	0.256324007309824
49	13	-0.0387234784241712
50	13	-0.0142613734299975
51	13	0.0948110911523987
52	13	-0.124646086449523
53	13	-0.18398138922598
54	13	-0.183081052053025
55	13	0.210557529676645
56	13	-0.101502099479932
57	13	-0.00873530220724167
58	13	0.0775996530025286
59	13	0.380986999411201
60	13	0.0212045774401344
61	13	-0.0622927287373837
62	13	0.126360908801481
63	13	-0.130328363513005
64	13	0.237426228697027
65	13	0.254371063247462
66	13	0.115198202905827
67	13	-0.286728898912609
68	13	-0.181615162315489
69	13	0.288755487958549
70	13	-0.0285325401420286
71	13	-0.189300154858932
72	13	0.248614499158825
73	13	0.0246116902660481
74	13	0.272015143206909
75	13	-0.110852460663614
76	13	-0.226228318100656
77	13	0.13323212881921
78	13	-0.122940680241693
79	13	-0.163641346677698
80	13	-0.0138931168412859
81	13	0.125108282604446
82	13	-0.0620522311339064
83	13	-0.129421747381313
84	13	-0.060364404100594
85	13	-0.363314324682943
86	13	0.222482643881736
87	13	-0.266493843101732
88	13	-0.261462455199099
89	13	-0.13220085253882
90	13	0.187910084813338
91	13	-0.0572499140009538
92	13	-0.122463142125317
93	13	0.247590287610253
94	13	0.0182614360252419
95	13	-0.0064517512418049
96	13	-0.0269542759976578
97	13	0.312233083361763
98	13	-0.0594004858982633
99	13	0.0207966431933968
100	13	0.0117480663161807
101	13	-0.108549516335313
102	13	-0.0390363365345783
103	13	0.0241280501001949
104	13	0.104169039850742
105	13	0.333966573725546
106	13	-0.313111104331332
107	13	0.0336619588181992
108	13	-0.263712094193251
109	13	0.174266717483178
110	13	0.0408544043820643
111	13	-0.0915261896210848
112	13	-0.18001946377003
113	13	0.123562160901395
114	13	0.0852916559563547
115	13	-0.0886988230446553
116	13	-0.309827305346735
117	13	-0.202743797839271
118	13	-0.178735824377977
119	13	-0.0680541484684597
120	13	0.151936614765403
1	14	0.0303696760828106
2	14	0.066242322599893
3	14	-0.0267602529849668
4	14	0.0471437301585332
5	14	0.15203615194306
6	14	-0.0801879033321781
7	14	0.0365546097136776
8	14	0.0418169846937899
9	14	-0.0497144213476901
10	14	-0.170321060274849
11	14	0.0157636078333993
12	14	-0.0437706373276935
13	14	0.00504385999815354
14	14	1
15	14	-0.0622626196762943
16	14	-0.159099747295436
17	14	0.0222147417270737
18	14	-0.0997778011578202
19	14	0.14148086144007
20	14	-0.0342204882611854
21	14	0.0634845158635388
22	14	-0.0430345190468974
23	14	-0.0386739170261096
24	14	-0.164040364471896
25	14	0.0575825809062701
26	14	-0.0695475780151493
27	14	0.0032527171790791
28	14	0.0154546396366395
29	14	0.192636966604236
30	14	0.11021452128766
31	14	-0.128182392219031
32	14	-0.0827052400477007
33	14	0.0185140665073309
34	14	-0.112876148498333
35	14	0.173141668330178
36	14	-0.0568666326939013
37	14	0.0794968878371135
38	14	-0.106738106600124
39	14	0.185755758390796
40	14	0.132555124515164
41	14	0.00841585857232064
42	14	-0.0968669426639734
43	14	0.0824972700198164
44	14	0.0345058466070893
45	14	0.177867058884493
46	14	0.010369868557517
47	14	0.0698755063613528
48	14	0.0980603938627853
49	14	-0.136201897370714
50	14	-0.00328589755553319
51	14	0.128088199404385
52	14	0.0739462774012333
53	14	-0.0767175423445581
54	14	-0.0357879538999911
55	14	0.132509673720801
56	14	8.77636159649084e-05
57	14	0.0562663485977118
58	14	-0.0702441024478482
59	14	-0.0375879436032863
60	14	-0.171633006437407
61	14	-0.00674499535595785
62	14	-0.177194354273656
63	14	0.0896458439488254
64	14	0.148687063077075
65	14	0.0300294532500616
66	14	0.101266425151574
67	14	-0.00778001103851929
68	14	-0.111810902781573
69	14	0.0477418205371606
70	14	0.0899007880647614
71	14	-0.0227534043718609
72	14	0.215125270114263
73	14	0.0579123980634171
74	14	0.216971459543607
75	14	0.141420316331204
76	14	-0.00744952124301825
77	14	0.160088720489458
78	14	0.00571770410799085
79	14	-0.00232042312787066
80	14	0.0706307064747958
81	14	-0.037855593942303
82	14	-0.0770423008124064
83	14	-0.0120458191208934
84	14	0.163510514842321
85	14	-0.039080389850331
86	14	-0.0975341587113221
87	14	-0.124710744865228
88	14	-0.0882023804250721
89	14	0.0846971703291289
90	14	0.0345524871568724
91	14	0.0465116786487122
92	14	0.0899121387873876
93	14	0.00588186750052738
94	14	0.0470499961223575
95	14	0.0894317302801375
